%YAML:1.0
---
cameraMatrix: !!opencv-matrix
   rows: 3
   cols: 3
   dt: d
   data: [ 1.4109346133887136e+03, 0., 6.5096880976361626e+02, 0.,
       1.4116810098310143e+03, 4.2114432641697294e+02, 0., 0., 1. ]
distortionCoefficient: !!opencv-matrix
   rows: 1
   cols: 5
   dt: d
   data: [ -6.0131189931548631e-02, 1.4835794984981066e-01,
       5.2788220447277728e-04, -2.5876685475365859e-04,
       9.9634058918186863e-01 ]
